605
1478 20
99281 95287 94760 94114 89956 88154 81910 70272 59763 56764 44076 40915 31959 29736 29280 21990 16541 16091 11030 3165
2631 20
98470 95646 92325 91910 86463 72913 72613 65968 63405 53154 51443 49839 48846 46628 41551 39248 30747 28844 27196 11334
3597 20
95110 90342 90138 84345 82493 76133 73670 59146 55285 44464 43268 43181 40462 37962 30212 26650 15572 12667 11413 10118
9732 19
97694 97489 91031 70399 68587 59657 50564 46395 45457 34279 30621 27469 25547 23923 23745 21619 16150 14832 5122
6112 19
96465 95722 95625 93072 87586 86659 78666 71160 61716 57834 54018 47382 40142 31668 27539 21317 13248 6901 1051
5172 20
78612 71104 70466 67828 57587 57499 52564 52269 51447 45727 40985 32583 24432 22553 17102 8430 6742 5955 4624 863
5065 19
99758 99038 89812 77520 75917 71880 71471 69453 63892 62380 40458 32542 28703 28614 20130 9950 6870 3096 311
1401 20
99567 89744 88283 85309 77727 63672 63603 59882 41249 40839 36831 35776 33765 32087 25313 21662 18325 10209 4430 650
4255 20
99761 96564 86820 86341 86205 82795 81866 80831 77860 72649 67242 64636 63616 56287 49819 43634 36939 30433 26711 4701
2595 20
99774 89403 85163 74434 68600 65394 58789 56102 53077 47277 43589 37988 32210 24051 21527 20237 14294 7402 6211 4574
8408 19
82975 69966 63077 47632 46750 40222 37821 35896 31076 27938 23584 23569 22006 16222 13455 9756 5279 4098 3312
4271 20
86717 71604 68113 61454 54256 49633 48279 44465 43577 34348 29450 28379 26395 24347 20987 18754 16292 12340 11583 1111
1670 20
93037 76288 74694 71716 68278 68239 68138 63980 56610 51718 38845 23129 16775 9793 7834 4625 3253 3093 2236 1764
8696 20
94634 89554 87902 86267 82577 82092 78115 77630 66416 65791 45104 44776 42488 38304 35619 24855 17085 5076 3876 2284
9582 20
91380 84645 82593 80930 79771 76051 75325 72460 72058 71517 68781 65333 62732 57117 49047 38096 26027 25539 18295 15781
5294 20
99504 98765 95852 93883 93228 87435 80627 78911 78899 77661 48438 48322 42723 35912 28350 24523 22848 22139 16698 14456
7197 19
85002 79354 70548 60373 57881 57825 50884 47711 45087 40527 37221 35493 33752 32052 29183 23852 22905 17486 9789
1764 19
77315 65781 65649 64281 56985 56758 56196 54107 48550 47404 44025 21325 20779 14640 14379 13065 12597 12587 11406
9692 17
95232 94674 90107 89000 70740 59362 53196 49181 45235 44492 38246 17138 12574 10196 6893 4046 991
9294 20
97076 96726 89243 87581 72711 68640 59429 57516 57295 54341 48181 42870 42080 37909 37479 33522 23597 16973 7009 747
5287 20
85930 84768 80276 78017 74984 74627 70320 69034 61540 45300 28737 27536 25386 25182 10141 8987 7137 6389 3206 3028
9487 20
98040 76083 75819 75389 72923 64606 62805 54543 52169 42850 35812 32950 32525 32426 30970 26750 24335 9282 6038 2958
661 20
87312 86001 83190 77606 66405 55860 50977 49350 48941 46618 44823 41272 32402 31489 26557 25973 15973 15297 9112 5110
3454 19
98346 84783 79703 68136 65984 65778 65362 65309 61351 55062 52330 34871 32422 31384 19732 19304 9148 7321 4898
1959 20
92586 80465 79779 78377 66986 65440 58849 40740 37814 37462 33065 30904 30360 26926 26841 22070 15504 8816 6488 2558
7358 20
88944 81897 81543 67570 65619 65508 63957 59605 51487 47834 46729 46203 45114 41726 36550 34271 34122 30585 8226 6016
7339 20
99861 95078 78398 77692 72783 56101 53848 50903 47960 43162 37395 32405 32093 29480 29228 28568 27500 18156 5671 2107
3169 20
97013 91815 88523 83548 81404 68833 61712 55535 51699 50325 47381 45464 39686 32833 28600 27591 27517 21488 21040 14258
1542 20
91068 88883 86246 74937 57961 53326 50781 48422 47800 46442 43483 41059 41041 37154 35572 32276 25437 23501 20852 2698
1133 20
89093 87020 84375 80544 67618 50898 48670 41625 41188 35861 28103 24559 23940 23045 22869 21741 20708 20269 6023 4635
6910 20
92039 84035 83844 79901 77514 74100 72794 68231 59656 42546 34096 30148 29904 29866 24360 15916 15432 10629 1819 1461
1949 20
99686 99572 98832 96757 82966 77607 75188 71256 63589 52845 46254 41367 29512 24096 21318 18968 7767 5658 2883 1416
2830 20
93477 85802 81508 74125 73779 69904 66058 65030 62515 52506 50999 43765 27169 24754 22923 17347 11521 3571 2816 2023
2995 18
84242 74081 63121 57138 52146 52134 43436 34544 30414 30202 21413 19577 19261 18246 9318 5441 5274 1247
5311 19
88308 85283 82953 81510 76763 75001 73422 71301 66267 56186 52285 47594 41168 40337 37385 31674 26765 5980 27
4630 20
94786 91356 84719 84525 82768 79817 72945 69243 67946 66660 57171 54033 48216 47610 43959 29479 28823 7177 7100 368
1424 19
88949 88912 88092 82775 78366 76808 75658 75603 74316 70030 62620 60367 43196 37377 35687 32595 18512 5751 503
8046 20
93679 89532 80588 70965 70753 67877 59572 53756 53710 52846 51652 48638 47686 35624 23451 19009 16932 13731 9462 1801
2493 20
95617 83473 79579 76814 74389 63953 58246 57871 48818 43399 42085 40108 39918 35806 33551 33432 32355 15829 8519 4729
7815 19
99502 90719 90067 83165 82861 79735 69558 65395 56576 48124 47844 43089 35113 29279 21168 13176 9755 6691 5927
1606 19
95307 93400 92791 89988 87052 82204 81745 81083 74681 73298 70957 70712 70198 60313 22806 16695 14572 5223 443
349 20
99807 97265 93253 92378 87536 83215 73350 71808 64201 59352 56492 55168 49971 45706 39545 34171 20469 18167 17897 10212
7901 19
99186 88594 88339 83517 83308 80845 72008 58602 57998 57830 51089 46423 29644 29395 26579 18318 16893 10970 2992
4275 20
99148 98905 95189 93416 92110 86342 86091 80892 80800 71821 70417 63686 60857 47970 46631 39744 32042 21220 4338 2809
3340 18
96673 89643 82696 77225 76201 66710 64382 54815 46621 45755 37866 34884 33191 31484 23964 8177 7453 1489
6977 17
99975 99006 97203 75975 71114 70449 70124 66128 50143 48057 34286 32393 32183 26326 17293 16614 1942
2829 19
97725 97508 96141 91436 91369 85274 85080 85013 82823 77091 74154 60182 56084 52043 41562 27028 13207 9546 8252
1364 20
95115 83629 78179 67215 61473 53457 50191 46785 43337 36175 35016 31631 22118 18075 16602 13278 9703 7442 6637 5480
6134 20
93362 88845 84770 83989 72197 59575 58272 54442 53746 46847 28511 21341 20223 17304 16441 15983 15130 14464 8314 3
2935 19
94414 91478 89879 89387 84668 79361 75105 68413 63695 44126 37916 37879 34906 34047 29005 14544 13418 7784 1992
417 20
99685 96586 95889 94957 93582 67351 66048 60189 54617 53611 47041 42052 35858 24763 23860 15324 10368 6910 1989 275
2644 20
91944 86827 86734 84739 76246 57696 53516 45568 45494 45285 43777 35476 35291 27945 25465 25096 21544 8260 6193 4356
9647 19
95318 93830 77077 69201 47109 46419 36874 36307 35547 29392 25514 25354 24037 22523 20992 15121 14951 6639 3723
1598 19
93254 81280 79514 76495 64519 57788 56326 51557 38763 38745 34493 30557 17390 13254 11831 11607 10902 9729 3331
7218 20
91340 88476 75619 68180 67526 58235 53763 51664 49821 46565 45458 42873 41014 32922 21624 19101 17868 10604 9385 7404
2664 19
96111 91693 84514 80596 73485 73448 70202 69525 65434 60287 57976 57718 54995 52093 47589 47150 39531 31295 30059
3177 20
95748 95194 87898 77499 72611 70659 61995 53291 47795 42259 41280 36917 35387 22071 20571 11779 8418 6937 3862 3463
5006 19
95257 91079 76702 68314 64415 57867 54828 54408 53649 50106 46101 39830 35815 30427 25614 21514 18289 12938 6050
9029 19
93249 90513 87109 86492 76134 73968 67865 67385 63312 54927 26710 21238 16128 15784 15325 15282 14741 9474 8174
2611 19
97483 85641 75980 72537 71017 70329 57813 55573 52184 46689 42207 35787 30014 29626 29310 20784 20379 2252 2013
4188 20
98086 95029 94512 78967 78816 74653 65716 61376 61295 55107 53254 49469 48855 42996 40737 24790 9776 9443 4685 3949
8834 20
94166 94079 80124 73288 69488 66250 57592 47838 47536 33122 32461 29971 28952 27790 27208 26969 24810 20112 17043 15140
4401 17
96546 92631 91057 90009 89240 66987 55517 55061 53624 40054 27963 13369 12535 10694 8449 2498 176
7709 19
99195 91415 88615 80735 78733 71892 70512 69407 67654 58854 56021 53259 37972 28069 24499 23021 17174 9816 6194
7833 20
96292 82706 81100 80729 77924 76171 75439 65603 55296 48921 28929 28263 27970 25955 17284 15040 13413 13335 6455 951
5337 19
91595 89207 89116 85424 83241 78638 76649 73977 64741 64465 62762 44852 39789 35646 34927 25542 24497 21581 672
6017 19
99549 99079 97607 96869 90235 90217 81823 80407 76518 76080 47062 46107 44017 36596 27909 24947 23138 13927 908
8839 19
93992 81713 80409 79479 76776 73517 66404 62467 61444 48420 30601 25978 25692 24954 17418 15830 13780 11548 4964
2468 20
97638 92160 84408 82367 76499 75860 71515 67246 64188 59586 58943 58641 55111 50910 48757 44075 22455 15132 6745 4270
6185 19
94908 92901 88182 85140 81670 80553 75533 64503 53631 50605 49168 47875 43886 39140 26521 13777 10957 4259 1550
1537 20
97801 91907 87307 86409 83836 77438 74527 72268 69114 61374 54007 48693 42729 37321 33275 17099 12074 10681 6451 2729
6193 20
99532 91125 90838 86553 81647 80380 75383 60882 48885 46958 39912 36402 35872 30943 14845 9104 8650 6591 5896 3566
1561 18
92126 92091 90433 87458 71237 58267 53032 38789 37612 37006 30326 27889 25619 18027 16984 16710 9880 5669
9805 20
85938 82251 77204 69928 64975 63350 61658 60084 57977 55021 54566 53462 34639 30928 30299 25462 23730 20438 3203 205
8407 17
90837 73812 71975 71533 61032 58976 53003 49023 43528 36215 35536 32342 29682 24530 13322 1674 553
7219 17
99905 95844 83244 81402 80035 79025 76261 65577 61498 56374 52610 46688 30095 10771 10232 8046 6933
6464 18
88610 84763 78557 73781 73743 71231 70117 66338 58880 51166 49221 42483 42093 37271 19163 8972 7568 7421
9530 19
94433 91234 84206 83438 78919 72234 71665 71577 70247 65930 59229 46332 30646 27657 18334 8645 5518 3782 3263
4433 20
94976 84020 68362 66372 66206 64294 63561 54230 53097 51203 51197 46541 43036 38711 29276 27731 23365 19352 12864 10802
5621 19
94534 91081 80098 78307 60026 59919 56717 52140 45934 34928 32620 28194 27127 19098 14822 12746 7845 4633 3209
9985 19
95315 94829 86708 81477 81469 71651 57997 46976 44342 43277 39791 35989 31641 27065 18118 13262 5474 4521 352
4513 20
88072 85018 77628 71928 63081 60769 60048 52031 49050 48415 47890 40848 38979 38479 38189 28662 22984 11304 5672 4090
9836 20
93608 92220 86374 85288 84746 79991 78858 72558 65991 64956 63244 54368 49563 46523 37094 34747 32683 32046 15151 10156
5057 18
98302 92737 91836 69573 56493 56288 54671 52320 51615 37723 37004 35107 30101 27927 27485 26128 20724 10394
7072 19
97556 96889 96718 95736 95521 90714 80706 73842 72820 60880 52746 39286 28666 26289 23931 23190 17708 14344 3659
904 17
97527 96928 90569 86297 71323 64466 62617 53568 44808 37057 31208 28012 26397 24713 16486 7538 1135
6468 20
93445 85490 84678 81275 70998 68680 60710 52653 45359 43956 39842 38772 33024 29476 15038 12308 6743 5418 3664 2730
6836 20
76334 73748 63685 60963 47880 46021 44567 43972 43887 39964 35649 34777 20434 16538 13539 11927 9803 8810 7098 2475
1420 19
89894 88102 84686 82035 80524 76512 74425 72371 46426 39276 28783 27803 26410 24401 24206 20791 18028 11526 1597
9806 19
91531 90405 75753 66792 66069 63040 51194 49240 48636 45685 32539 27565 26491 25166 23799 7833 5999 5897 3034
7287 18
91452 84244 75752 73935 70999 67875 56179 53773 51665 47716 41289 35972 35538 31985 31373 18785 12943 9724
7834 19
66811 63472 60732 58700 54148 51735 49481 46790 43920 42104 35584 34715 28688 19199 17644 15667 8043 7810 5965
6727 19
99493 99419 89985 89031 71129 68367 62815 53500 46683 35650 33423 33345 27475 20419 9975 9678 3037 751 169
2054 20
94677 93387 92636 91659 85047 80293 78287 78222 64706 64013 59767 57039 45711 44097 38213 27668 15150 6185 2201 1710
2384 19
92352 89392 84077 83871 75040 74373 72828 66377 65527 52570 47168 44035 40514 40138 34763 32593 28226 15032 6258
6550 19
97857 97138 94970 93066 85050 80912 65313 63103 57527 57286 49892 35700 33058 31067 16395 12759 11530 10051 7958
1750 20
97517 91749 91723 84480 80077 74833 70715 68908 68603 64392 62902 54370 44587 41618 28733 18814 11023 10305 7149 3419
8385 19
99595 98942 88746 75733 74830 69228 62862 50374 48764 47878 44086 42967 42303 41505 22621 17066 12131 10972 8231
9847 20
98774 96190 90236 86436 85170 83562 83320 81346 76930 67470 53569 51583 49572 42249 40102 37905 34886 31148 25360 11764
8301 20
94550 93091 91618 86813 80421 79564 79257 77553 77403 73315 68204 60520 59243 56580 44378 42833 33035 25209 23887 8668
6715 18
98111 96008 95314 94724 92033 75926 70288 69349 68116 67956 49510 35878 34769 26822 21077 9544 3598 1147
8728 18
87702 81479 74978 74374 73194 72584 71936 69082 65433 56671 50050 47730 35881 35203 33260 18116 15654 10134
165 19
91426 88798 82111 81958 78600 78531 77458 77356 76135 71402 70232 57068 56855 51720 37089 33518 29967 28355 6338
6588 20
98341 88210 82960 75995 75758 66794 60125 50826 50809 49067 48982 47631 42352 38766 37636 36766 19537 7618 2159 1988
8736 20
94262 90079 85576 80692 69455 66827 60008 51427 49650 38512 33706 33504 25964 24446 21646 16084 11859 8865 5591 350
5272 17
83652 82744 79790 54677 52185 50995 49264 44610 38740 37519 37339 37152 26000 18631 14946 8396 6228
9060 19
91847 85768 82115 78524 75184 73534 58438 51498 49125 47744 39421 32288 30539 28418 21954 17460 15588 3631 2832
972 20
90445 71103 67802 67061 60423 55508 54586 47495 43377 42783 41005 35199 27474 23737 22442 17859 16153 15185 2497 2389
5239 20
99630 98401 96215 93034 85295 84346 84253 84030 78457 77922 77815 77807 72887 60645 60165 48604 40472 32705 31060 20909
7050 20
85014 84806 79055 66657 63853 57452 54619 53270 45019 41269 40683 39815 37315 37230 35575 34199 21397 13613 11958 6540
7541 18
93685 90316 89555 86275 83579 83095 67202 52966 39512 38348 36777 36106 20145 19940 13215 11479 9812 5324
19 20
84845 84320 82303 77516 62074 59697 57153 54031 53181 53043 50289 45938 41297 34109 33832 31923 15417 10987 2596 289
9277 19
98478 95698 85535 82049 76296 75269 71851 69537 61344 52765 32901 26618 24431 17950 16941 8730 4990 1677 1404
9221 19
93774 90500 88825 88738 86722 84026 83297 76388 74554 70487 67088 57012 52725 29873 26344 25306 24514 19985 8245
2643 20
92984 92516 88998 72861 72542 70175 60965 60587 55530 48641 47714 47531 46099 38170 31813 27112 19499 16944 14964 571
5608 20
95222 91541 88551 83487 81161 80523 80381 77270 77152 77010 72801 66487 55890 47547 31736 31023 27604 25460 19034 5011
3120 20
99902 95577 92494 89957 86000 85769 82105 81665 80761 75149 74725 72215 70284 63599 54200 45779 41195 16260 3756 807
3301 20
96993 92476 89106 87044 71697 70229 40547 38908 35755 31788 25109 19561 19556 17449 16442 8738 4947 4023 2972 1990
9242 19
89260 86748 78355 74072 54825 52262 49420 42919 37862 37102 33400 31590 29313 26479 21470 10725 6430 3638 1941
1356 20
98328 89796 83283 77787 74656 74453 73445 70779 66975 63860 61543 57786 56979 52190 49706 40507 15920 13975 7850 1718
7164 20
93598 92743 89788 88532 59655 51927 51026 46932 43695 32675 26683 22616 16300 15824 11969 11250 11034 4667 1665 1126
1262 19
99440 97293 93039 91993 91379 89874 89597 81930 76659 63823 60418 59548 52936 37217 28974 21917 15082 12010 4865
1065 19
95946 93966 91882 88148 87160 78289 77947 76483 73016 59899 56400 54970 50281 39346 36080 33295 28543 9836 9015
5763 20
95236 94605 86642 78572 76502 75194 71306 69478 68800 66230 66108 63137 59364 59160 53371 53009 37166 26444 25576 24823
3313 19
97791 86764 78315 76838 69247 61534 55400 54001 39101 29810 29372 27145 27001 21240 16056 15393 15087 13500 12670
4871 20
98377 83073 79041 72701 68337 66996 58146 55914 52743 50357 42134 29616 18945 17652 17164 12492 11543 10014 2030 920
5654 18
94010 89846 87670 83268 80070 59164 58774 55252 49319 47669 42559 26456 26060 13720 10907 8560 3565 3479
6236 20
97316 95663 89773 89336 89011 88550 85494 74537 72514 71100 67257 49075 46152 43916 37495 31748 26472 23755 21997 6736
2596 18
99555 99463 92388 89768 85984 81132 77235 76435 62448 61967 55132 39432 34838 27542 27348 13673 8770 7317
7484 20
97413 94567 89053 83090 80159 74915 68859 62288 51693 35042 33899 33011 31262 30428 27513 24604 13048 6999 1233 499
4139 19
99384 98735 88407 81556 66706 58217 56378 54109 49140 42697 37278 31160 31040 30583 29502 22546 17427 15677 4532
9619 19
99231 97570 94054 93670 89384 81817 74864 71889 67923 66905 63514 59750 53603 41545 33053 22074 16869 8715 4945
6871 19
87851 80127 75548 74736 74615 67662 66013 59306 59246 47629 42836 40071 39044 36149 31515 16615 13601 12282 599
4241 18
94093 87208 80956 72229 69432 65406 64581 63342 62174 57750 39604 32512 28901 23074 22983 16678 11817 5812
251 20
96369 88034 80354 68948 56930 51726 49704 43465 42849 42139 41394 36247 36245 30980 30613 28038 16364 6156 2436 380
3050 15
89911 80440 77035 69020 63291 57053 55851 50044 41617 31709 20139 20053 17096 14042 7507
6370 20
94898 93870 93433 91160 88380 84683 60385 48312 46583 43840 40362 37690 34253 33734 32566 32239 25601 18097 3501 427
2708 20
96552 96343 83932 82422 75651 74184 73774 64931 58419 57484 56282 46311 43114 42940 39506 37677 34517 28024 14779 14008
6020 19
95373 95225 77779 67998 65581 55774 46814 38747 38495 38092 37584 35028 25232 20367 16329 7074 6235 5209 141
2943 20
90985 89074 68857 68429 61497 56722 56395 48077 44522 42824 38998 36728 35038 34734 19155 14627 11954 10040 8051 4916
976 19
96395 92649 89648 84913 79713 78129 70061 69105 61758 61575 40726 27399 25452 20915 7768 3485 3121 2565 1581
4713 20
97498 86903 79089 76521 72070 70362 55232 47016 42024 20958 20393 18798 16018 15233 15110 7840 6256 4500 2430 344
706 17
96598 90300 68665 33992 28375 27067 21956 20981 20841 15331 13147 10130 10091 9322 2800 2442 1804
8531 20
98543 95539 87376 81979 76901 65222 64312 63130 52444 51681 47191 45256 36364 36051 31881 30210 29678 18210 1931 179
2590 20
97615 90452 83513 81087 78111 70859 66541 59603 58315 54953 48875 45635 45069 43951 42927 37688 34053 29997 24522 5742
6213 19
95472 94635 82901 82724 77424 72552 64840 63817 63457 58212 51875 46054 40932 32725 29136 29045 13393 10865 9811
1586 18
99143 98168 91872 81029 79629 75129 72033 70460 64819 59150 46358 45853 42446 37911 30002 9184 6839 5425
7380 20
93267 91080 90981 87971 86398 86337 82460 77412 64757 60646 60172 49526 38921 37914 35840 31465 28082 20947 12342 2230
5030 20
99897 98456 90423 82133 66633 63887 57136 53718 52071 44278 43874 42899 36814 36144 35724 30735 19728 10444 8186 1763
9980 19
95073 93626 90109 76719 75845 71117 67749 65687 65284 64647 62181 54620 29629 27823 26187 18809 13131 7725 678
1071 20
95444 95206 95131 93264 72878 71649 69803 63642 58381 54740 51129 40591 37300 32627 24067 18563 16958 15724 6887 6476
1215 19
93761 92420 87296 78323 76553 74238 72463 72157 67496 66450 51428 38052 38005 32697 31267 28288 11905 4878 3191
5639 20
98037 93994 83004 80119 56052 54255 48368 47904 40505 37394 36910 35423 34598 24597 18113 10915 9399 6993 5820 3492
2235 19
95174 94805 91502 91372 90978 81026 75038 71171 65586 60651 56327 47269 39343 34107 31664 24426 19971 18597 4980
1721 18
97360 96680 92021 75648 66601 49144 46182 45900 29998 26762 13436 12941 12706 9681 6368 1328 1271 979
6247 19
97839 93861 87397 87127 84919 82602 80219 68930 57766 52998 43826 39781 23903 17357 16436 13773 9586 1267 1016
4355 19
98644 87950 81916 73320 62148 62132 60822 57430 56024 55999 51294 50139 47254 45052 28851 26051 13807 7753 1478
7984 19
98660 97991 96995 91557 88120 83098 78896 60574 59248 57279 57104 56008 55615 44930 40900 38861 27980 7690 6981
8530 20
99723 98024 96213 88957 87719 82458 81373 59089 53582 42760 32631 27044 26138 22968 20859 19448 16064 11503 5892 2304
1551 18
97317 88606 68416 60973 57630 57225 56068 51535 44066 41567 37223 34746 21609 12481 9404 8504 4790 2684
8124 19
96909 93906 92010 91445 77569 74777 73964 69653 64953 63901 60124 47515 43674 42355 24203 20796 17381 16017 9262
5971 18
83747 74513 70249 66882 59170 48281 46878 38344 37400 36326 33269 30555 29902 29132 26586 22971 22135 17058
5673 19
91309 89370 88499 82515 81990 68993 67506 61293 40491 31897 30761 22702 22496 15124 14906 13898 13124 7076 5547
3428 20
97430 94797 88298 87468 71379 69864 63123 61709 56796 53296 51354 49856 49358 47401 44929 39161 36727 28439 25787 612
3240 19
95905 88967 75140 70624 66073 63771 60493 59117 58788 48404 41151 40965 31503 31252 28472 24970 12530 3239 2140
2253 20
97419 96855 92577 89202 89178 77523 73192 71521 55119 47500 43078 41436 40755 37203 25107 16480 16297 15369 15113 225
5091 17
89906 88734 79615 69124 65945 57384 44496 39856 38037 31388 28866 28304 25414 21570 12683 10382 8330
2269 20
96431 96225 83406 79711 77337 77141 68373 60244 54550 54049 48995 37632 36013 27432 25367 24443 21349 16400 13151 7341
3928 20
99984 98055 94388 88388 81414 79929 76960 75480 67684 49155 45529 41979 36372 32229 30902 27612 20790 15018 11109 1040
4758 20
99010 94218 92408 91216 84347 74497 71749 63986 61417 54287 47525 41803 37923 33654 26076 24709 23928 4552 2686 2051
7533 19
95154 87845 70435 69426 61163 54296 52756 52024 50358 49380 46742 45926 43745 43403 37097 32632 22825 20309 12511
1812 20
97811 90159 89741 89310 87752 87679 86931 85113 81393 78892 78702 66766 65584 54479 53322 52496 52135 40192 38890 26813
2495 20
98988 92082 86643 86359 76494 75157 68844 66336 65423 65060 48434 47549 45994 36009 27764 26985 22049 14896 4707 1722
3459 20
97886 87562 87515 77920 75515 71217 65964 57400 55157 53358 33307 28136 25755 24874 22522 17120 12206 10876 8575 1678
8679 18
95335 91990 84389 80923 80286 72708 72105 69152 59905 53446 32609 31354 24578 22541 11756 9977 8456 4751
2044 19
92294 90947 89068 84863 79761 73699 71861 69976 69029 64546 63723 63471 39554 34336 29958 27066 25945 7230 2766
54 15
97254 84312 81349 72890 67037 66803 52778 50638 49211 42403 25896 24468 16396 13920 1443
1453 20
74243 70749 68226 66733 61255 59341 56190 54983 51412 49749 39332 38811 28208 25123 24651 22832 17714 15385 12015 1339
4024 19
97843 96867 88984 85138 74750 74278 71537 71113 70994 67597 67415 62073 61395 56147 56000 47185 40333 25713 7872
8982 16
89082 87726 86490 80064 79323 76643 66278 64244 61247 60915 59681 47826 39197 22153 20310 5325
684 18
96289 90353 89530 78566 77143 76599 76404 75396 63941 62168 59709 47959 29962 18534 17968 7471 6642 3569
29 18
99675 97733 93750 80532 80009 77682 77350 69534 69361 68691 68449 66311 55674 50056 33336 33042 23600 12708
7793 19
94310 85846 76605 76578 74441 73878 72487 72328 71042 64014 61304 58735 45180 32914 32793 31285 20711 19140 18067
438 19
99274 89610 83889 80223 79345 69232 66969 66175 63712 60434 42082 38629 35391 35054 32649 27092 26861 15813 11330
2560 18
98687 90653 87694 61536 57157 54891 53012 50332 47585 47035 46678 42077 36243 30532 23625 12033 9355 3919
4172 20
95094 93456 89841 87093 81230 76947 76277 73170 67135 64796 61291 37227 34144 25870 24564 24224 11279 9431 1809 375
1557 17
85028 79620 69284 64895 60485 49134 24504 23294 23157 13668 11168 8127 5566 5543 3194 2858 657
875 18
83367 76351 69768 66502 58702 50280 45012 34973 31777 25801 24063 23244 22879 19725 18696 16430 7369 1076
5551 20
99068 96884 82686 69726 61909 53504 49872 46752 42531 42489 40140 35382 30948 29773 25876 16393 12935 2612 2528 2017
5928 20
98020 93169 92971 89660 89184 82890 73704 71629 70381 58680 58003 48786 46283 42070 30727 16327 9901 6800 6437 2104
8924 20
96539 94983 82408 75238 74346 70709 63884 60589 43711 39946 37607 36417 35280 35164 19112 18916 12031 11531 4045 3317
7491 18
89044 75423 70505 69142 67568 60681 48935 43424 39743 39338 32661 29611 25513 24104 21049 14389 8221 6316
7841 19
92195 91832 73346 72893 59880 53855 51679 48987 47100 40280 38953 34294 32406 29602 29245 24318 18316 17413 13603
2079 20
96654 87837 87813 87657 82091 81842 72866 65350 60294 58472 49627 49369 47464 24382 22275 18985 13037 10174 9323 3333
5053 19
97862 97335 95967 93391 93125 73720 63193 59427 59378 56682 47759 45636 39551 37442 25989 25811 19673 11913 10965
1963 20
95370 85379 77314 70641 65636 61203 60410 53039 47421 41602 41579 41207 41118 36653 36219 33341 27447 22925 21730 6107
8902 19
96807 94621 63862 60157 51948 45574 45112 42818 40132 39516 38268 37332 33301 32830 31122 24014 22675 22065 18407
3130 18
92289 88641 82904 79652 74557 74193 71423 61595 59713 56914 51923 33482 31519 26726 23567 21113 16468 1414
7454 20
96982 96529 86612 78091 70501 69299 68045 65962 64954 62802 60581 47915 40925 36989 33783 31054 17645 4424 2732 2689
2802 20
99840 99134 96771 84309 82962 72496 50397 50305 45811 36731 35866 32041 25769 24226 23499 22263 16711 12886 9668 8801
5873 20
97334 80581 76811 72106 71845 68214 64148 54746 52916 51111 49162 45383 42960 34432 31494 30683 26816 25664 11228 10884
3940 17
99161 97083 95469 94706 93821 86701 82599 81194 58153 49524 46368 37621 31355 30845 21728 15831 13590
8181 18
83126 82963 80560 76450 74272 59532 56597 52171 49564 45999 40430 39996 37489 34337 29408 23141 15098 7259
9269 20
96352 95977 93686 86757 76753 59944 57458 50815 37052 29253 26592 26347 23676 23128 22497 20210 19235 17441 16975 9353
171 18
98551 96480 96439 93834 83172 77844 76712 52473 46997 43211 33601 28062 25686 19756 14190 8249 6770 1041
6688 20
94490 92751 91570 91244 90381 89247 83085 82872 81121 79150 64789 61095 55025 49367 36135 31997 31499 31119 22578 9103
9951 19
99083 98805 93979 83863 79279 77165 75166 64155 59129 51430 50730 50703 49895 44718 30746 30497 29724 23612 6896
1349 19
94002 86640 82237 75694 75381 74174 63894 56202 50069 45850 44508 42110 32056 28366 22375 19353 17539 11511 8164
3205 19
96931 89005 84068 82634 78036 76807 72304 71591 69207 67438 56958 54008 48744 42953 40700 34194 30243 20758 809
3220 18
94160 90438 82464 80587 64952 57394 54555 54112 54061 50392 47995 37185 27113 24106 20613 19603 8620 8025
4073 17
80978 74354 68855 63376 55069 54761 53563 46024 42866 28100 27832 27061 26997 15461 15207 10082 2359
2140 19
99635 96257 92186 74569 68277 61889 53975 51199 49034 48255 44281 34067 33375 32349 31007 21656 16729 11014 1216
7201 19
98275 97303 95419 81726 76802 75421 71365 71207 54759 46664 38846 33173 23777 22662 17893 7886 5891 2668 1870
993 19
98571 98506 96099 93522 83276 82869 81791 76936 73605 73163 65658 62743 61584 37640 15551 5913 3923 2896 1939
3250 19
87903 86017 85404 84792 83947 82689 74616 64919 58421 53961 41381 37840 30398 24436 18470 15285 13094 3942 2956
379 18
97853 97232 93399 89172 86948 83468 72588 64684 60701 58268 50125 49135 48493 47267 40299 39454 32075 6458
1045 20
95978 91949 90560 87873 77344 63622 56316 54028 49560 44114 43439 41485 39892 38313 29992 25087 21886 20595 20566 17105
2274 20
95634 95580 89548 83970 81383 71022 69748 68863 51872 50802 45754 31581 21433 20424 18594 14237 13812 5724 5336 706
7078 18
94088 83541 74044 73397 65959 64525 64421 61642 51012 43578 37913 33797 29359 26141 18627 13571 6535 2187
4828 20
94398 91838 91043 80928 80393 66981 54907 51609 45350 44288 41459 32776 30359 28147 24457 24202 21408 19797 18825 11114
6633 19
97717 91131 78792 71810 69673 66888 63971 50672 48990 46796 38820 28747 27148 23120 13722 12603 7343 4861 3560
1456 17
98342 93384 85686 85133 82125 68541 67018 65834 58663 47831 47366 47245 32097 16986 16266 14939 4361
7920 20
99381 89857 88474 82750 77123 77008 75802 74158 73462 42019 39962 32889 22341 16447 13218 12732 9604 7006 5772 808
8093 17
97945 93112 89863 84931 53286 46747 39976 35669 34533 22993 18541 17236 15847 11320 5675 3141 1934
4286 19
98587 97766 94078 74607 73082 68748 68496 66223 59139 39682 37881 36134 36066 30247 25702 24471 20151 19737 8873
4040 20
99214 98640 96219 89659 82759 67458 66779 65694 63898 52041 45873 34899 30424 26095 22430 21499 14432 12231 11924 8867
5604 20
98615 98019 95456 89538 88745 83808 83291 75707 74267 63689 63423 60539 42354 26512 26363 21085 19539 9978 9206 3229
3899 18
96065 94267 87204 77763 65256 62006 61790 57756 53892 51086 39555 37706 34694 31861 26833 14286 3164 501
8591 17
94483 92938 84079 79328 78446 64419 60267 60237 58214 55863 49613 31632 31112 30074 10379 4367 2595
3320 18
91773 91490 90812 89313 74031 70630 48480 43708 41739 34399 30588 29761 29547 20553 11026 7118 2011 1967
4855 19
96900 96302 85241 74976 68090 66955 61824 61253 60112 54726 51015 50795 49002 48909 46226 44135 42704 21275 1671
5878 18
99054 98054 84287 77185 76678 69799 66952 59590 54676 44649 40835 37761 31596 26382 24235 9243 3227 560
6352 18
95531 77842 66726 65044 64329 61506 49638 45271 43860 42358 42176 40118 38972 34590 31336 27570 23511 3993
4959 19
90498 84925 81043 69932 66854 63591 49735 43890 38669 34997 33020 29723 20512 18060 8115 4300 3639 3267 902
9793 19
89104 86745 79106 75649 66722 66386 65939 62251 55245 49750 45172 41827 41565 35267 34477 33714 22105 20778 16158
4074 20
99133 95481 95431 92803 87243 87114 87003 75565 71391 66165 60749 47160 40629 39999 33235 31062 22232 15039 7282 2184
8903 20
99759 97548 97455 89694 85260 78859 72762 68033 57343 57029 41038 36675 34201 32021 27919 25647 23782 18017 15826 2106
7839 19
99997 99122 94038 80364 74508 67734 66130 60653 56161 53652 33866 33645 26812 25682 25222 24635 16484 13704 4628
6702 19
93166 89309 81785 76843 75983 65657 63639 50753 46273 45821 41999 36390 32460 25794 25065 22817 19296 18442 8808
1618 20
98289 97250 89628 87687 81907 59773 59552 52505 43601 41190 39408 37148 34808 30245 30016 27330 19733 16210 2216 36
2394 18
96142 94214 83514 73569 63799 47576 43263 40639 36757 36193 34607 29201 25967 20575 12871 9796 6758 1998
9182 19
95891 93808 90879 90723 85098 83200 74689 70878 70696 69375 58359 58196 53019 52385 44973 37440 31401 30453 22630
7088 19
97301 94375 85703 75544 67545 58188 57061 45307 42986 29514 27839 27637 24928 23859 21222 10166 8631 8412 4075
3490 17
90057 73667 63597 53819 47025 42799 38819 36562 28574 28515 26325 26137 25948 16656 9197 9042 523
857 20
96102 93507 90291 81804 81420 80225 62602 60684 59832 59024 44310 39757 38945 38267 25445 21563 14388 13871 2797 2681
9200 18
95783 94798 90870 86219 81025 75076 72874 59635 49335 40998 26733 23736 23611 21877 15517 13319 8628 5786
9760 19
91632 88970 88640 79470 74916 74169 70395 55041 54485 37745 36057 31786 24160 22413 18717 17563 14682 13954 10930
4350 20
92255 74566 69962 65685 63922 63488 47931 47900 42829 37207 24984 22032 21419 19095 11799 11263 10101 4891 4595 461
3764 19
95518 89748 86064 85103 84960 76664 75741 71135 69806 69583 60792 60695 56429 51167 33508 26712 6290 6181 4642
6446 19
99013 98393 97353 83774 78839 69387 69144 68545 68205 58291 53448 46530 36923 35871 35735 27618 26401 15900 10142
4951 17
99435 97325 96872 84586 83976 81802 80866 79988 60946 60464 58531 54317 47056 17168 17051 9077 4648
9051 17
94431 90296 81217 78732 78181 62255 59432 49720 36707 34089 29362 28675 20347 13561 13356 5714 1436
3215 19
97697 94834 87224 87041 85996 85233 76153 56551 56506 48973 45484 29694 28626 23408 19258 17979 16565 12289 9127
177 18
95196 86060 79625 74013 68856 63728 58838 58466 56541 56212 45612 41033 38787 35086 32108 24856 859 722
7702 20
95141 89217 84473 81986 77442 69145 68778 57316 45200 44954 44431 42188 29319 23592 22798 10293 9761 8305 5790 129
2013 18
95549 92691 79480 71968 65444 64823 64668 58155 53835 51244 44499 41015 31217 25257 23008 22440 16225 9792
974 19
95871 90806 81788 81697 75170 59834 59541 52876 52218 50584 50200 44538 36841 34577 29246 18860 18023 8501 5647
4646 19
99991 94651 89958 89107 87555 74853 73883 64540 61592 61007 57217 52237 47445 37218 36223 30050 21572 20136 8376
3525 16
99793 97816 89782 88124 80204 72796 60690 54655 53202 39839 33222 28338 26248 22992 11729 9648
5202 17
97824 87187 86155 84690 84619 70761 65496 62898 60356 58369 34541 31782 24818 21096 19273 18250 15311
363 19
97712 97688 96606 90484 90068 82794 80368 78075 66598 65294 53736 53122 42838 40487 37433 33729 31948 16716 11267
7075 18
99835 92755 92121 91201 88983 86304 80133 71055 69741 66289 52111 37195 29624 27107 26973 17920 2387 753
1008 18
96445 95842 84098 78515 78428 65480 57938 56557 52669 51508 49419 46188 31576 27777 27054 16964 13092 2818
3156 17
94725 93278 82727 70022 69169 68184 60921 50115 48445 44433 43827 41816 41314 20300 18056 17659 5883
2115 19
99988 99970 82299 70698 67550 62652 57393 56731 56546 54155 52372 50089 44940 40196 36470 30329 28285 3811 631
4387 20
99666 94306 87709 78543 72884 72096 71236 67898 65472 58918 58327 56953 40894 40262 35950 31932 25562 13442 9395 5374
2052 20
90795 81526 79375 67938 67046 51723 51552 47943 41650 35474 24808 23868 23671 19915 17373 13676 9028 9021 4242 3675
733 19
95415 92955 92724 86454 83833 80266 79180 76251 74547 67770 66261 65928 55817 49094 39705 27665 13284 10133 5837
3979 17
96016 94197 93216 92409 74542 64361 60135 45508 45443 32274 26728 23630 20470 12753 10049 9043 530
7512 19
93792 90572 88722 76456 76140 64121 63912 60390 50160 50060 45226 35094 32530 26310 25400 13473 8122 2705 74
6976 19
97336 97119 92699 89120 89056 81336 80822 74902 69510 66507 64849 60936 56081 34239 33516 32712 26150 11231 2163
180 20
98128 97815 87213 84541 79716 75870 72660 71005 65750 57753 56086 54866 53633 52970 35394 31588 22770 20863 3243 862
6979 19
93347 89839 76206 71799 71246 57859 43631 41474 41412 40294 32591 30325 25493 22906 21211 18600 15498 8991 3425
2892 18
85247 74543 72634 69949 56667 55996 53745 51820 51425 50451 37513 30672 26190 20815 20135 15090 10531 4658
6416 18
99308 95684 92349 90005 81253 74318 66830 57172 56390 52550 47968 45119 31915 20964 16620 15413 10699 10158
4717 18
86264 81351 79767 67252 65413 61563 61195 56201 51880 49956 43891 36568 29078 28190 26828 12998 3319 2654
1766 19
93776 81273 79777 77826 75892 75696 74387 72289 69757 67168 61094 53596 52409 50775 24458 13224 12421 6660 554
245 18
95513 93787 85377 82311 74282 67961 49980 43905 42277 35988 33358 26545 21775 21579 19063 13505 12185 9366
1331 17
86946 82656 81015 72349 72124 69820 69818 59974 59676 53581 41770 38127 36055 31281 25333 12924 3541
6235 20
98310 89751 89434 85956 78483 74048 67868 54675 51514 44347 43368 33564 27975 23126 21213 20599 16201 14188 10813 2510
7843 19
99266 77573 75591 74467 45791 44404 42817 40884 40070 38684 31352 20265 17796 15016 13585 9698 9526 5667 3970
2047 18
94556 85450 81296 80520 75276 75223 65400 44463 37522 31450 29083 28650 19298 16253 10296 7932 5708 956
500 18
99206 98225 98148 94222 91652 83347 78037 71608 66310 65414 62468 58655 57125 53816 25274 23993 22260 22226
1556 19
99500 94060 91670 82565 74855 70486 67871 53033 40897 39198 31645 30508 27036 26954 19297 18307 16757 10303 6231
2541 18
98796 96147 79040 73929 59039 57554 54239 43459 41831 32094 29965 25662 23352 19302 14967 12444 12038 5197
416 17
97542 96196 85782 84065 82929 80870 78548 71411 61397 58698 57140 34561 27052 19674 10280 1508 348
673 19
97092 96349 93437 92933 74144 73053 72520 65306 59134 58881 50079 46508 44256 42583 37068 29444 20178 17215 4694
9785 18
94109 90252 82138 80556 59260 53629 44001 43724 42219 34944 34697 33629 31183 25684 21399 18022 6695 3574
2737 19
89450 87118 80130 78758 78710 77444 64827 46156 43703 40330 35484 33748 31512 25708 13839 9560 3905 3325 1780
7731 18
89097 74564 72130 71930 70586 63158 54980 53230 52336 36559 32855 31608 30295 22107 19993 6507 4279 3217
510 19
94691 93514 78369 68384 64848 61597 59844 58361 52722 39147 36085 35139 32718 26530 24451 17887 16880 14700 12979
9596 17
92897 83745 83441 82845 74803 70628 68283 62020 58817 52255 51612 46877 36722 36022 28257 24317 6407
6805 19
96088 87313 85071 83935 83178 72651 63182 59020 51279 49444 21120 20240 12320 12103 8175 7080 6252 5852 4740
4813 20
94508 92336 81110 80961 80938 80023 79227 70504 61968 56513 53605 48889 46409 44893 40613 33887 33141 4925 4381 1619
8931 19
99045 95780 85129 79669 78860 73278 68618 64479 56908 51296 48430 46470 44975 30542 19568 14462 14270 9389 5681
1037 18
97148 91667 90410 90382 89697 86998 83452 67113 61415 59650 59078 46511 43317 38137 36246 23309 17608 11076
1743 18
94296 87627 80002 76602 68503 65475 50948 50750 34912 29366 24269 24247 23621 23004 20821 12591 11480 9692
3837 17
98230 91342 89564 81538 77605 77213 76390 64520 64117 62685 52789 48163 27601 25504 22974 9470 1730
9855 19
94033 89198 84226 83257 79077 74200 69233 60258 56073 55738 51479 45533 34698 31629 24583 21342 18568 14014 2999
2123 17
92894 85609 85395 84055 82833 75107 73898 68382 62090 51924 49792 39376 39169 32089 24924 15956 230
5761 20
90886 90546 84117 83633 82537 82127 77951 70757 59747 58848 58793 51586 49440 22202 19707 17367 13204 10195 9465 7101
293 16
98159 89089 88008 87656 74344 66807 52805 46410 35161 32085 30919 23028 21757 19233 15322 1378
7739 16
96318 93056 91052 69544 67403 58625 43944 42148 35185 34932 20740 19893 18705 17861 14132 11215
820 19
97361 88971 86250 83119 82097 81969 66360 60338 54419 52153 44633 44370 30251 27479 26664 20672 17999 9376 8452
6327 19
97058 85312 81507 75885 73051 69984 54813 49531 44738 30559 30031 29164 28670 20231 18304 17976 17312 13024 4165
2023 20
96004 89505 80121 71120 68773 68558 65821 65288 64230 44072 32472 29948 25754 19183 17888 16809 14117 10811 4709 3966
7922 18
98409 98150 97664 93038 87544 71172 68941 66895 60934 59814 55821 53090 50517 44733 40713 30135 28021 27402
147 19
94927 88118 85475 77014 73296 68662 63425 55169 53926 52718 37898 37740 37483 35845 25669 22178 19749 14550 10586
9821 19
98068 95071 93674 91297 81806 78544 77756 63571 63208 59651 58818 53120 50004 47720 39547 39084 32324 21714 13743
6897 18
95402 87937 83304 75602 73295 71074 56907 54263 54084 48793 43423 37550 16476 14925 14860 10856 6564 3932
3406 19
91345 86556 84299 82917 82683 77535 67680 66604 55139 53507 39556 37390 36740 33196 28551 22649 3749 2838 2525
1985 19
85728 77460 75766 72046 71188 61947 55034 53075 52897 50199 46771 44967 36762 21898 21711 21684 17474 15175 12654
4486 19
98899 92910 89647 88634 85850 84361 79014 66033 64356 62927 58740 32746 32430 32414 18005 15357 7655 3231 2710
8717 19
92915 92231 85591 79015 75814 62598 58355 51551 41006 37199 32028 21379 16116 15790 15628 12431 5540 5045 561
4246 17
84822 81796 79660 75618 67222 66005 64689 59780 53527 42037 38259 32000 23821 21451 9858 8708 4405
1966 16
96754 89946 83505 83275 79121 78308 60672 57809 51362 44201 42289 32503 22877 18759 14222 8523
8738 16
92795 89237 69069 68221 47390 46844 42857 41936 36519 34438 33701 20614 10840 2052 1081 485
2126 19
92653 91307 83515 80042 79908 75921 46775 39158 39045 37437 33272 24695 18221 16653 15433 14772 6266 5152 2994
1432 15
92158 84417 74840 71266 67751 63003 44014 43667 39998 39239 35888 26297 4996 1554 696
72 18
91784 91093 89314 86298 78903 60433 59615 54942 52737 48253 46450 38635 17698 16099 12452 11162 4881 4102
1803 20
99959 99296 90642 88812 74092 66257 65450 60834 55820 49557 40407 39287 30171 29714 20220 15430 11354 6187 4746 4666
6644 20
91504 89990 87633 79918 73905 67532 62465 60249 59710 52990 47332 43182 39066 35676 34688 34217 32722 10816 5281 2164
6258 18
99517 91261 89297 86338 79538 78186 64880 61990 56382 52036 49500 40405 39742 18399 18166 6905 4743 1626
6079 15
97034 81771 77000 76709 72673 61223 49798 36151 26665 22024 16853 15659 12844 10997 49
4252 19
92372 87121 86957 73659 73224 73169 72729 69466 62340 58654 56397 51077 48475 41155 34069 28200 26067 19213 6511
7281 18
92440 88047 87511 83800 74003 64213 53518 39968 35664 33026 27077 26693 20628 15340 12771 8971 4425 3009
1201 19
99899 99331 93111 91106 84256 78818 66837 63192 58677 48464 34078 33588 28933 26759 16196 8851 8585 6471 4850
4891 18
99788 95816 81515 74078 68083 55497 49811 45691 42432 38593 35489 28857 28267 28246 23732 4718 4689 4167
7308 16
97823 78871 75913 67249 56598 54440 48460 40867 38808 31752 29482 24598 24479 21713 11678 10896
6215 17
96662 94517 94148 67089 56408 52762 49415 45216 29973 24129 23386 17113 16553 14576 11421 4949 4744
8384 17
90223 89482 84933 84313 81966 79781 76168 71023 69826 67804 67329 54344 45614 34713 27699 15212 4986
9963 19
99824 74257 66242 55717 54749 51392 47722 43895 35723 34741 32448 27003 23537 13534 13159 11101 9928 3471 1914
1307 18
86902 82495 77218 76167 75297 72959 60016 54991 52535 48817 46815 40496 37105 33850 30185 24787 23465 1529
6924 19
99091 85194 79444 79063 74778 74130 72444 72342 71058 63846 52515 35243 28224 21608 17326 11872 914 437 321
5293 18
91895 84325 82871 77256 63548 59325 53413 51538 50072 47308 47116 35732 35175 33515 32663 10206 10138 9922
3092 18
97590 85027 77378 76547 68998 61478 56358 53688 52667 52121 45266 43220 41758 31908 30594 30153 28130 18211
2610 17
77032 74761 66708 65479 53356 52297 49113 48745 48043 39325 30494 25060 11071 10458 7820 4174 1382
7044 19
97215 95244 80696 74382 68706 64793 47887 40101 35737 32077 31924 31676 28427 19378 7181 5434 3822 2768 1137
456 17
94108 87689 71859 66596 65439 62416 60387 59989 55689 53796 44679 41921 37620 18385 18127 9380 7165
840 17
93694 80803 80058 56240 49731 40919 36179 32726 31436 27925 24554 15538 13123 12625 11608 7307 4366
205 18
89409 85922 81965 67607 66489 64997 59987 54398 48013 38482 36301 35266 28752 22789 17610 15899 8895 5036
1137 15
94733 89486 86110 75813 73122 53183 52467 49964 49198 41013 38498 32799 23843 15617 181
2798 17
96876 90997 79291 74714 62930 58337 55073 51701 39151 36023 28463 25320 24639 13972 7485 3363 2298
1899 16
93748 62989 60303 58204 57857 54589 42150 38591 32672 27669 25893 23284 18414 9339 3380 1716
3818 19
98521 96670 88240 85029 84791 82884 79850 77664 75954 68854 63719 55017 40684 37897 36133 30574 24980 21513 825
8005 19
98798 80374 75201 71358 69565 66483 63729 63014 59779 58998 54867 50403 44049 43568 38757 22715 11769 7518 2171
440 20
98786 97381 96386 92904 90229 88277 81887 75875 72845 65068 64025 52863 52208 51407 29751 22669 22116 22051 17196 14865
5635 18
94606 86870 85062 76916 72732 71504 61221 60210 58156 57236 54205 50090 37473 32143 25642 23086 21248 13394
5450 18
82616 77409 71235 68959 65428 63132 59419 57511 57238 56603 53752 53725 52840 38670 29993 22566 15446 14522
5263 15
90365 83457 73291 64389 63602 41725 38744 37405 36344 35600 34601 27573 21385 15260 805
3186 18
96963 68807 64921 63734 60091 37262 33520 31037 25812 15814 15050 13938 12675 12170 11697 9898 5550 4252
9469 18
99494 90241 81909 78113 62718 47485 43010 39753 38285 35641 33135 31650 31485 30660 24870 11627 8036 4172
5851 20
99002 95728 87530 85653 79965 56563 50129 45502 35601 30381 23556 21720 21719 21555 17291 16980 12513 8445 3982 3163
1584 16
95584 92745 91937 87744 80641 67789 55911 51502 41634 39082 35610 30631 21771 20516 13976 11055
4473 18
91984 80782 77021 73746 71325 62394 53865 51623 50710 50259 49167 43064 42415 26005 23389 18569 6122 4317
8677 19
98603 95939 87787 86212 84362 75934 70719 69066 65537 63444 61954 59762 57476 55736 54100 36527 27075 11813 5765
2147 16
94883 88703 87523 79979 76154 70931 70177 69647 69524 66472 58874 46721 39926 23635 21848 14417
5583 18
90531 82006 79473 68806 63516 59162 56583 53929 45946 44755 34931 34270 31047 26392 21855 8187 7432 4516
3626 18
97070 93140 93048 88247 83171 71871 71046 64512 60051 51156 48568 47103 44095 43673 36207 35013 18769 12872
9053 17
99762 89802 87880 85879 76721 71014 62941 60614 55265 47051 40703 22199 21702 16455 5886 5280 1638
5426 15
94840 89167 80817 80783 75702 72585 72459 68419 51907 48107 45328 28081 19950 8856 5925
2760 13
93269 89490 85851 78645 78331 64610 64077 57304 36859 30126 27297 26113 16929
8328 17
92596 86907 76330 74458 70422 63526 46690 45518 45149 42852 28629 22131 17414 9753 8882 3549 1788
4320 20
89483 77437 72292 69719 64836 62707 61953 48582 42132 38599 33109 23979 22018 20351 18150 17619 15289 6675 1680 830
1348 16
90943 90465 81953 73329 58518 56091 55706 53262 41574 39422 27379 19371 13098 10838 9142 6111
6338 16
99700 97460 95615 90076 87956 87196 85867 84191 73241 68607 50679 45550 28228 24605 14542 12190
4924 18
99110 93078 92541 87012 71417 66797 66749 66609 59889 59614 56151 48782 44645 44115 33792 21951 13354 6532
242 17
98978 89742 86949 78106 70018 48235 45438 43269 36153 23468 20744 19002 17280 10942 10820 395 189
6355 16
97645 94618 91485 84084 70258 65387 62766 56480 50907 44783 41965 33872 31177 20133 17030 10185
6152 13
94538 75597 71362 33034 28053 24180 23049 16806 14160 6747 6315 5991 3713
891 19
88916 87948 79752 77788 76477 74930 69921 68095 67375 64491 61413 44791 39858 33768 25101 10855 6322 5752 2533
6960 15
99689 82588 72698 71899 69862 67911 61486 54459 50433 38352 36781 19748 14405 10844 6247
1826 18
90765 83776 83483 83330 79766 66497 64048 62632 55687 38060 26070 21922 21512 20399 18765 17481 9471 5968
7104 16
92978 88759 86511 80549 72320 71194 61556 54403 52594 50761 31313 26014 13281 11303 6640 2984
3868 16
93556 88866 79373 78867 77797 71860 48204 45565 38492 36551 35657 20585 15483 15235 14853 8246
4975 19
95820 82202 77534 67501 59131 50453 46795 44093 34111 32445 31660 31058 27153 17712 15294 9209 8832 4055 480
1244 17
98458 88658 75652 73099 71727 69323 65878 60745 60374 58545 40847 30477 15399 9198 8718 4661 2194
5023 19
90649 87136 85676 82184 75447 73933 72850 71227 66078 57179 54788 50887 44869 42712 32205 31201 13803 8667 5825
751 16
94239 92605 91075 74094 70627 65399 59538 59492 51453 41058 33695 29854 18471 15713 15535 5449
8691 19
87419 85175 80049 78715 78477 59290 55714 55052 50247 48126 46058 35565 29434 20152 18437 15480 15371 11153 1012
4556 18
91644 87866 76785 74165 64985 64604 57800 56560 54089 45034 43049 40510 37414 36222 33926 32157 15115 972
9143 18
96999 91287 88929 88337 85265 69322 67560 66006 60772 57260 52799 49178 48011 45158 42356 40948 25932 13122
2110 14
91268 89707 86964 76856 61289 59501 51188 39568 34012 33033 26358 24868 21009 1347
4386 20
81146 76411 74910 70149 63486 58984 55589 55159 53983 51559 51286 50686 41768 41057 27770 25605 20278 8144 2757 1441
5171 19
98516 83485 80163 72825 72316 71222 58294 57161 53013 52278 49129 35832 32968 31258 30835 22050 16578 10543 8111
6698 20
93865 90165 89391 78901 78708 78589 78305 76220 70031 61763 57357 52944 49808 48976 48694 48503 29418 20552 16542 14519
6025 17
95640 83520 79770 73040 69963 60996 59016 57798 55115 32999 30227 22909 22120 15234 10318 7756 6027
414 20
98692 82540 78367 75477 72431 67594 61099 58203 57632 55000 47195 43849 35170 30257 13209 12491 11876 4391 3857 134
9027 14
96865 87363 80014 66363 65839 65327 58873 57018 33279 32154 30917 16771 7881 7339
3679 16
91484 77953 73820 73279 64846 54193 53944 49586 43919 39446 33897 32628 30290 23169 20209 15648
4395 19
97933 94303 93942 93784 91851 91034 90725 84928 82899 80554 78663 77725 69050 68609 66605 48010 19596 14023 12772
5269 18
86823 84148 79595 66959 63780 61193 55893 41417 39365 38405 34903 32970 27223 26048 24854 9236 7929 5257
5687 15
93903 82885 80350 77519 64527 57895 56915 40386 26971 24711 20019 16767 12006 11163 1309
4592 15
99838 94241 73461 71248 67041 66520 62166 56565 50130 22769 22756 11984 7033 2737 128
4380 17
93492 82752 66833 61185 52213 46072 45042 44273 43103 42963 38621 21474 20565 20263 18963 11324 5229
7042 18
94727 92896 87349 79123 77640 72464 69648 64879 60582 42074 38712 37687 27467 24343 18938 18110 10231 1911
984 17
99627 98443 78657 73305 67207 64584 62866 55512 43599 43392 38364 29093 26821 20155 10131 5364 3149
7038 16
99644 95361 87874 80352 74706 70019 64379 61179 45102 43484 34793 22970 19777 16268 11272 3068
4457 13
90672 89928 89588 87383 74825 52833 48851 43625 39188 29944 29127 13166 10762
6253 18
98882 98355 96307 83025 81202 77863 71436 56995 51545 51496 51490 43797 43682 34810 25956 10342 9713 1822
1014 17
77146 76791 74634 74625 67950 65429 62913 55274 46274 41197 37599 33578 30283 27325 21950 19587 7927
8366 15
92987 90808 87384 85671 83744 83581 69000 57116 53228 48329 42380 42059 38146 10967 6347
3394 13
98924 95135 93786 81118 64967 58482 54203 41598 39436 15939 10938 10310 2863
4430 19
93730 92534 81339 80658 80369 73238 68883 62452 58755 55012 52219 44228 37523 37464 36836 12679 11400 3216 1557
7786 18
98713 95619 79747 76788 58615 54098 53760 49193 41312 39415 38905 35502 30416 28405 25158 17896 15505 1248
8505 18
99498 91543 86182 82264 80284 75626 70781 68816 68405 63958 62215 53693 51950 44883 40259 35399 10869 4848
7407 17
99915 90246 88573 84012 75113 72956 71967 65910 64217 58136 56070 46170 41471 19051 18397 17054 5091
5849 18
99523 97553 89578 80951 80858 75944 49834 45671 45652 45274 44926 19152 15950 15196 13806 11766 2889 1608
4626 16
93171 76669 72668 61425 59185 55430 47575 47208 43299 41373 40041 31619 27547 12639 5871 5799
7327 16
97546 91892 91198 89861 85856 80916 72011 69788 66385 62968 50738 23059 10089 7209 5377 2444
1154 20
94666 93107 89411 87964 82830 78403 76263 68390 45281 44725 38244 36558 33886 33249 28816 22384 21593 13341 10939 4517
124 18
98554 95809 85089 73992 61355 59965 50535 42217 27245 24621 24050 22781 19998 15639 15396 14797 14060 1761
4011 16
95834 93247 91863 91367 84344 71497 64750 62780 56544 45199 37512 27377 27333 25444 19886 17556
8390 18
93150 90866 90497 87760 83316 65036 60519 56049 52167 49743 48266 44742 32568 27709 18962 17788 9561 1030
3034 18
97841 91869 88522 86482 70245 69266 67044 65198 64825 64024 50059 45572 44302 41881 28057 25349 18416 1035
2252 18
98399 98116 94128 75086 66032 61904 54837 48674 45813 45591 43402 37181 28909 20491 14864 12246 6297 5275
8449 14
88496 80146 79160 63841 45138 39740 28274 20646 18333 14558 8130 6551 1067 150
6418 18
99717 96150 91998 82879 81382 79744 75744 71901 57577 55802 55251 39035 36770 22844 14997 7124 4176 3708
5123 18
94583 87725 87570 73875 68230 60536 47057 44326 35623 33095 32289 31182 26371 22311 19589 18712 4620 44
1316 17
91966 88579 76036 67807 54062 53426 42573 40854 39821 31724 27652 16199 16101 11195 9602 8399 2024
868 19
98580 89428 71352 55200 52243 50525 50252 48775 47902 44131 42156 38056 26508 24532 20414 19436 17941 4267 4022
2497 15
95546 90565 89009 86828 81091 80191 66535 65230 41298 33888 30941 17597 11387 10644 2357
5523 18
95018 89131 82572 80571 67081 65454 64293 48363 44354 40020 37009 36834 33580 31675 31078 20012 18711 17531
2137 19
93795 88626 75376 75016 70737 70379 64790 56949 56775 46404 44632 37854 36726 26245 24477 23019 16397 14704 4572
7644 17
97054 89347 86800 79845 71355 69898 62560 59212 51970 43396 43063 26476 22370 14944 14114 11830 7510
8409 17
98392 86197 82810 70955 69191 66290 65606 64630 59291 56398 38887 38604 36205 30021 19868 16772 10599
5853 15
98161 95766 78738 74745 74376 69503 52055 51319 46472 45690 40237 35992 26098 15189 7334
3854 17
94929 92790 84046 80787 76913 69562 36681 34562 32246 28893 28622 27739 23882 23466 20817 6534 2245
9772 16
95372 90925 77264 71956 70656 63725 45682 41179 39849 34725 20394 18994 12919 10639 10161 1331
9316 15
99852 85069 82906 78016 75727 70147 47309 47249 43322 42636 37623 33100 23358 19434 5807
8008 16
93520 86370 78634 71377 69813 69382 61943 50829 47538 38386 37017 35381 33914 18070 3839 765
5857 15
99699 94779 86694 85184 76320 72811 65193 58643 44471 40680 32808 25390 22716 7444 6504
8887 15
96383 89506 87881 74971 73556 69321 67211 63045 45450 42539 26988 19827 19482 12560 6956
8587 18
96446 89433 79082 76951 75555 67325 64378 62910 61852 61696 56007 47251 44756 39498 37892 35465 32612 2274
61 14
99911 91850 91434 83635 81777 78493 74641 38128 30734 26630 22628 10448 4280 270
7819 20
89224 88097 86747 86604 85469 71839 60221 58796 58040 53006 47416 45905 42215 39170 37514 32704 21414 20549 8183 1367
8226 17
97687 94548 89734 80110 67199 64000 63151 62583 55921 42020 39877 39729 32778 32452 23282 1636 1389
2021 18
81421 78468 78156 74288 71534 71286 64069 59167 51017 50373 37960 37252 35269 32198 27794 23418 12950 1843
2928 16
97630 84448 83392 82132 77931 67282 63521 63149 57257 47749 31414 18109 16309 16159 15036 12157
5771 17
99914 93974 93188 86501 79899 75809 72219 66534 64988 61655 59863 54432 49265 33987 24242 3612 1209
6793 14
93306 79152 77295 74394 57183 42097 35889 33019 28348 19311 17817 11329 6450 5382
4535 15
96236 81877 69520 66425 59703 58582 57008 36600 30949 28322 25667 23752 17603 7516 4879
930 18
98123 77709 69882 69252 68975 68671 64593 64149 62830 60154 55988 50122 31670 30940 24536 24066 15374 8878
5348 17
92159 75228 70428 63951 60666 44592 44219 42335 37958 30371 30289 22038 21795 16521 9820 6144 2519
2119 16
95209 93238 88212 84550 76818 59456 47154 45675 40627 39745 34485 27592 23288 12283 10162 4940
5020 12
97385 84053 72364 71679 70976 61717 56306 34753 28296 24078 23908 11335
2998 18
95424 88364 87616 71448 59790 54540 42006 41318 31381 31009 26729 26160 16572 14986 13822 12141 3616 1070
3622 19
95080 90636 89331 80674 76681 75569 73330 66237 57909 44900 42567 24612 22725 17987 17060 12239 11707 4741 1945
703 17
97238 89033 86055 79756 75982 73064 73048 70286 66951 56745 49338 49317 45427 39014 36614 23091 10282
2276 15
88880 83080 80809 75298 60061 59168 53887 50057 49600 43859 40974 39529 28198 22235 16594
9775 16
91818 79094 77427 77110 75873 74620 65172 63160 63112 61448 58834 51106 40064 10071 7553 4152
4193 12
99564 97482 82470 58278 52011 51587 49397 34675 29869 24403 16068 8596
2359 15
98686 85810 83803 78319 63497 60259 55889 52615 30503 28632 20678 19053 14067 12451 9508
7293 14
78972 73884 70986 57054 51647 49885 49312 44087 39981 36429 14763 14667 13465 3704
2017 17
97604 94563 76967 75426 74179 67785 62087 59125 57327 29367 23740 20243 17264 14595 8443 5622 3036
9992 17
97315 94642 84675 65970 65697 63811 60898 54487 50037 28487 24118 21906 19245 18310 12834 11896 2448
3318 13
94732 86023 80271 76786 69979 61006 58059 45513 43084 32281 22250 15194 1598
2567 14
96810 96368 72348 71812 63381 48742 47761 36475 30691 20741 18612 17752 15997 8448
7582 18
91952 88057 84906 82778 77684 74381 69696 62470 57028 48702 47879 47593 37525 33158 29878 21340 20934 16226
2819 15
94870 84230 84131 75810 73219 70051 66875 53398 43189 43177 37738 37410 30728 11173 3543
3277 16
96648 94314 67204 60395 39549 39314 39191 30216 29145 23432 19826 18984 18635 15674 13431 4816
7124 15
95164 84187 80820 78852 72194 66112 63152 54052 50099 47497 43774 33815 15911 15534 11559
9934 14
85896 76048 74498 62769 61475 50954 48939 42785 40644 33290 31611 26078 13865 12599
381 16
97925 86835 83622 78218 75098 64923 41769 40665 26995 23543 17315 13349 8747 3837 2754 7
2097 17
99396 95184 84576 72902 71974 70408 59220 58614 56512 55915 36914 35119 30639 19472 13950 12344 4479
3552 16
89918 85967 77022 69434 68779 64890 58989 53591 46670 43720 39157 31819 15879 12167 4127 42
5589 13
99825 93461 68026 63705 59911 59009 41680 32515 30920 28172 18607 8447 7436
9564 17
94564 92259 89514 87438 78145 77329 70424 69604 65091 56167 47827 39193 38194 36491 32607 4400 3879
88 19
96717 95943 92257 87879 85299 83687 83567 64710 42841 30039 28074 26920 16584 16004 15842 13921 9925 8235 2478
2297 15
98491 74118 72402 70960 61759 54343 48161 42504 34902 32352 26037 20451 19238 6718 5511
8791 16
99958 95022 89708 86695 77912 73654 70762 68515 67079 58323 55805 40812 27407 7772 7524 5851
9795 17
82816 76716 76529 66744 65418 63213 51869 47305 43506 41804 40005 34002 27957 21612 21198 20885 17117
8283 17
96375 94482 93762 93624 91275 84177 81890 77395 75951 75797 69572 52552 34666 29584 21288 13885 778
1241 18
99029 90313 86125 67054 64170 58465 47856 38480 35438 34500 33262 32832 31753 29536 25953 22364 7283 6017
2144 12
83373 65933 62673 59023 40437 39234 37470 36485 18220 8888 7776 2623
627 17
94802 92874 76493 74570 61874 60962 60226 52170 49106 47618 46427 41993 38799 20137 18989 17668 13907
9686 17
98885 92969 91702 89718 82545 67539 66874 65441 65300 58585 29417 19857 18898 12234 4984 3052 1739
9097 16
98423 96626 95707 94747 85560 79677 70185 69480 68480 66826 30544 19818 16676 9902 3785 3683
9447 18
98621 90735 89681 83518 76725 76262 70663 63821 61857 42871 38493 38320 38150 34612 33653 14339 673 410
7995 15
96627 95027 78404 77993 74621 72285 64041 55364 47295 30852 28990 25285 19974 7514 5768
6423 19
95909 95350 92164 83681 77451 64766 60935 59936 51462 40246 29438 28524 23991 18339 16915 10228 9657 7116 6832
4284 18
99442 95026 94524 91306 84059 79590 79501 76024 74488 72299 55489 40266 39219 37144 33387 23103 20698 4492
6636 12
97223 88953 75695 71874 60066 54092 47982 42641 32592 5454 1816 997
8917 14
65614 61097 60134 42526 40941 39083 38007 32911 22365 18745 14901 10177 6604 3456
8521 18
98065 94592 92700 86004 83416 75115 72412 66555 64176 55003 53094 52981 49863 14317 9525 6293 5922 3523
2754 17
98693 86571 81834 71756 70011 69218 65435 65303 64367 64036 63882 60594 52108 51675 47424 35310 4700
5339 17
93773 82022 74857 72427 68007 63380 61805 58878 58639 57668 57166 56296 40789 21895 12125 11166 8649
8101 18
96290 87912 87425 85863 77330 69837 69595 46390 44892 27883 25853 19326 18975 11981 9825 8586 7489 4386
7511 12
86698 77109 76480 75046 61640 60278 59683 56141 33910 31358 16503 8434
9751 17
97787 92385 88494 86798 81153 78043 77396 68977 68269 67431 40731 36902 30671 16176 15698 12414 6374
7956 16
99270 91358 89710 86621 83790 76310 59305 43098 39793 34990 25103 23650 19498 11082 8361 2365
4138 17
97831 96595 92204 74424 68663 67693 59332 57207 57000 45495 41421 37046 34073 17444 16048 7028 6958
5397 17
98963 94475 90129 78555 77282 73351 71639 54150 53613 53554 53189 46379 27789 25888 15078 5699 3816
5219 15
94762 90846 89641 86054 68110 65749 50308 48243 27426 22397 22188 15058 11650 4727 2318
3719 16
98025 97039 94938 90708 89283 81004 80832 74216 47367 41713 38987 37449 34807 26483 23489 7953
5804 17
99751 94485 91571 90819 68128 62289 62136 51893 48473 41712 34521 30618 22763 8105 8102 5917 4467
4637 18
96659 95262 89342 89102 78679 72198 67409 63609 59528 58115 54237 50684 48895 46712 28299 26142 20123 16353
3678 16
89351 85429 79816 78677 76329 74726 63738 62688 61464 59509 53732 47403 29646 21110 10529 7032
7438 17
92491 89848 86426 85581 82920 76815 74677 68645 60101 59314 51686 50938 42865 39760 35463 29776 7093
4631 17
98260 85608 80217 80045 74390 66446 63708 56132 52408 49982 49649 43970 40434 12505 9577 6866 489
1737 15
96574 75599 75169 74518 63090 41108 39513 35667 28258 24216 18610 11483 7610 7055 1912
2339 15
98479 93801 88562 86162 84827 82212 73062 69216 65811 55998 48621 31604 16402 13989 676
1634 14
90605 87092 75776 69902 57740 48779 42058 36241 34392 18305 15323 5282 2981 774
6063 20
96428 95598 91877 85987 79788 78200 67848 67622 66962 54575 51504 50947 48962 41516 36058 28199 9552 9218 5828 1266
1448 13
97191 95566 92889 91418 89811 88725 88507 61385 53233 46160 45990 45379 14370
3470 15
98740 88324 83206 78132 77800 73037 72116 56067 46955 44068 41087 33836 23632 20558 20222
9128 15
90595 88368 77778 76510 59735 56152 48531 43449 41170 26264 22056 20291 14032 6763 6199
1864 13
96511 94551 80808 78112 54703 52248 46864 43957 34568 33943 30623 22717 18625
7937 19
92731 81827 79984 78805 74379 62239 58431 50105 48712 48614 34861 32944 13847 12807 12068 7517 4329 3518 3015
9255 13
87929 80757 69499 54473 40739 33025 29485 19731 17705 14871 12490 10121 1875
9829 16
97558 88487 86822 83501 77453 75869 70861 67231 64120 56041 51779 47315 32779 21391 11205 3990
1397 18
95221 92248 83582 80506 73566 66665 62582 56640 50055 45733 36689 29597 18788 17529 14265 13136 11232 1422
1283 16
99157 96458 89194 87663 78912 65797 61184 50561 43971 38825 34956 30634 21454 18667 18163 9751
4893 12
96674 93129 77511 75560 56984 45773 37160 30989 30105 29853 28005 4774
7120 13
98211 92811 86758 84236 81466 78578 58277 55580 52987 49243 46518 32987 19466
7243 16
92712 91025 83823 77263 76394 60513 57434 50394 50324 43122 42008 41457 36003 30369 27950 11852
9218 10
89612 71906 70639 68963 50339 41448 27311 24201 23172 8590
1476 15
97715 97603 81097 80283 75901 72019 71712 67690 67602 62389 57158 47921 36162 19419 1961
2415 15
95638 94287 86608 83554 80257 74055 53402 46548 45738 42484 36089 27490 17962 17257 4557
4705 14
95102 92431 66365 58350 46654 37941 33664 29112 28939 27498 26982 24661 15961 9691
5390 17
96555 91957 83944 80485 76674 75021 65140 61675 46059 41659 41258 41223 37734 32506 9937 5053 1629
4112 16
95395 88453 72854 68058 67144 65305 49884 46917 30218 27645 20577 13957 8967 8516 7423 572
6115 17
87223 77082 74708 68866 63877 63246 61183 46716 37543 31377 30659 28690 25374 20120 8724 7852 1292
7645 14
98631 91775 80297 74489 54916 51951 38206 33181 28757 16202 11713 10327 7549 5565
1161 10
83258 57095 50715 47289 41509 35684 31630 24904 17614 6615
8758 17
95727 88026 77120 74958 68057 66675 60299 57507 51760 49244 45583 36492 24925 18403 17985 13373 5445
8628 13
92518 90841 78777 70325 63623 58598 47784 44180 31738 25297 19720 15373 10086
2652 15
91425 89908 81516 76209 67212 65701 65446 63606 63502 46407 44178 31093 22805 15734 9734
2426 14
83455 80268 79815 62386 57164 51424 47956 46011 41980 36818 32695 29891 26876 20121
5345 17
98257 97852 95436 94530 90912 62392 56301 36536 32964 31374 30131 24450 17624 15602 13629 11138 860
2939 18
94255 92297 86735 83578 82135 71221 60020 58811 49061 48044 45175 44832 43139 38351 34818 21792 20079 11719
6342 17
92418 92024 83420 82294 78035 72245 69395 66637 55491 54197 32670 21926 17891 15146 14438 9810 7859
5966 15
87237 84774 83074 71086 68638 54755 52220 49097 37855 32717 31161 27856 24337 19845 13419
5724 13
93722 91251 83428 72830 64761 63547 53478 43701 21401 19536 16663 9003 4331
7344 15
91488 90169 81481 77416 77088 66432 61206 48724 46076 36586 26817 22816 12714 10626 8712
6915 11
94434 85422 85197 74797 71522 65488 42644 39955 36036 29988 5398
9095 14
93109 92928 86613 86290 75822 72812 49484 37934 20395 18313 17192 14246 12473 3621
6241 16
98014 88617 86442 74814 66639 66575 61451 54471 48146 40351 36531 31889 25240 21600 13562 12416
1760 10
82880 58487 49620 46805 40929 39132 28953 22422 14830 5901
2868 16
97707 97267 93229 82584 77889 74618 68021 64559 62894 58064 50956 28241 26426 16062 13959 13782
2901 15
94766 85111 71126 67673 58807 55760 55482 32616 25691 21422 20707 19814 13741 12040 6452
6772 13
95671 95512 90050 88834 86445 75938 68161 62509 46842 45113 24112 23500 19919
7791 16
93181 91641 87958 87331 84014 83007 81874 81321 54133 49959 48237 41427 35109 32187 26638 23942
5707 17
94206 88993 85162 82908 76052 73003 69918 64178 55450 52522 49598 46879 45800 29307 24447 10591 1421
8617 13
96366 80572 73616 70208 65001 62826 58113 56222 53656 27336 27070 24555 12078
2006 13
96719 96323 94498 88446 79411 75657 42790 42447 36998 27157 20664 16873 3964
2882 11
83698 78934 65860 54090 48828 34255 34082 24478 7897 6626 130
7294 16
92094 87816 83796 83381 79261 74403 64804 55349 23108 21556 14773 14520 12787 10973 9222 1412
9610 14
99410 94445 82028 81281 73708 72458 61799 59639 51124 46899 26024 15889 8256 7226
4589 16
96842 96657 85547 69690 68905 65364 60847 57543 42443 37167 35659 25544 21652 16290 15019 7474
8285 13
96181 93030 80043 77979 72167 57228 51240 45320 34260 21592 15191 13554 3807
111 14
97759 79430 78382 70445 61427 55457 45472 40466 38153 20320 15253 8792 1692 1559
5569 12
84254 83966 64850 62797 59384 49204 42224 34230 17805 9565 3796 1429
6441 14
88836 85948 78139 74361 72742 68267 48752 34475 32392 30909 25434 9868 5683 2647
2250 14
95542 87671 87037 84817 70257 68845 54812 52198 46943 38008 19243 10297 3737 3417
3953 17
95955 95826 88667 80813 78057 66720 64680 64015 54495 38261 32155 28280 19290 15550 11603 8169 5704
906 11
87150 75208 73612 60103 51287 46263 44052 36627 24241 11604 2770
3483 17
94901 94004 91934 90279 88637 87119 87024 82304 69536 51336 42098 38455 30642 18848 11010 1098 909
18 12
98878 80302 75224 74997 73308 69057 64396 56601 55842 52395 35169 29586
8149 10
88199 87508 79950 71560 59349 46288 42728 39297 16863 11281
3742 18
98741 93305 90056 70768 57230 53473 45008 43408 40542 39609 38617 38515 27890 24138 22010 19787 12235 10046
6313 12
93797 87162 82829 78987 71033 67578 55835 43265 40845 31659 28797 11942
9092 12
83350 70866 61446 59636 52279 50047 43902 39395 33002 27133 14736 14305
5912 14
96622 88435 77245 58401 56772 55233 36075 35156 17694 15943 14229 13665 7871 4145
53 10
70968 67042 61098 60488 56156 45897 42293 27198 19871 1061
555 14
81758 79265 67932 57518 52560 52206 37310 35007 29929 29340 26049 22635 13054 11256
3124 14
99456 99244 89360 88888 79809 57835 45851 42065 31431 24803 11593 7441 4303 1683
3938 11
92820 83826 75092 70893 68684 59885 43547 38662 37595 16110 12180
7010 12
88013 84419 76992 76342 73618 50049 33506 32844 9494 7866 6527 3374
7630 14
92006 86198 82939 79061 70287 60555 58172 47513 37838 23548 20506 7311 2334 1471
6754 12
73946 69574 64971 60674 57188 54195 48874 47046 38055 16462 9716 6136
7021 16
93967 86633 84776 78444 71524 71094 69638 66024 65056 58903 39880 34954 19902 15673 14586 8126
479 12
95716 95650 90023 77731 70053 65438 31568 15992 15780 13011 9176 4191
973 14
94639 92793 92156 91042 83999 67173 64268 60779 56535 50798 46139 34780 18062 6862
4059 10
95569 88056 86716 62569 50230 36425 23918 19054 12229 3166
3981 13
53195 47001 34633 29189 29157 28564 24824 21890 16378 15513 11556 8408 4900
4460 16
98425 96436 95798 82131 76084 69675 56836 54694 51201 43208 42973 36327 35789 25169 12804 8319
6760 16
98616 92406 85057 77028 76560 65570 62767 58782 55649 55458 52244 44692 39307 18940 10514 950
2380 11
96137 90457 83028 75099 65802 42369 29106 12664 11550 11146 6118
1653 14
98634 94978 93600 85842 57035 53375 38343 37098 32573 29400 28621 28095 23427 13447
5134 13
98153 97582 97031 91032 79664 78271 73307 68890 62796 41570 41345 10421 6727
2312 16
98469 96364 94581 91794 85350 81542 71048 68329 59775 57537 52696 49408 36522 28085 13823 13730
5064 14
92927 84578 76181 65751 58186 57941 55912 51920 45071 43448 36767 31266 23729 904
8490 13
82276 75442 74268 72199 52199 50163 48919 12447 11887 6575 6067 5462 1738
2346 10
90784 90132 75265 62638 38852 33916 23022 22001 5214 2355
1023 12
99039 97587 97098 94739 89160 61112 55186 43370 30515 27354 10828 9084
752 15
93744 91548 81483 72792 70551 61302 55619 43031 39254 31700 28446 26416 18064 16350 12133
198 12
86139 79943 64023 46140 42091 40934 38878 37953 36870 19029 11316 9872
9367 14
94991 90301 82428 69960 65640 55924 49908 49525 43507 36361 31744 23025 19891 10106
7193 18
92266 88975 87526 85721 84847 82055 81187 71752 69289 69087 59466 59092 57697 53826 45085 39397 28134 21857
806 11
93536 82846 81762 77280 71891 68168 59283 43442 43249 25022 2074
1004 11
99535 87426 77426 71759 71234 62479 40950 24346 19231 7509 2399
7305 11
95997 89141 80227 71052 41276 31000 27769 23444 17735 16103 569
8279 9
96414 82502 79437 73237 63624 63029 32039 24737 11213
9918 10
83949 79933 71772 63551 61821 49584 47523 31825 27484 14457
2732 12
98643 61549 60437 58308 55683 48868 45352 34513 32601 30026 17453 12612
1296 11
95991 95303 88752 88340 84642 80466 45191 28937 26826 19174 9005
7989 11
95793 92114 86559 46874 46347 39418 33147 31099 25304 12877 4181
1549 10
98461 92602 61854 52239 52007 47431 39536 36648 25013 5245
650 11
88226 78383 68353 68345 61008 60100 59551 44740 33694 26135 18275
7368 10
91433 83691 67270 56298 40763 18208 15296 14375 11093 10925
122 7
98090 89613 78834 55902 37843 22078 13385
9927 10
87095 79254 75180 74206 62499 62049 25242 15046 6861 6495
587 11
89899 80208 79343 73207 56129 55872 53810 43069 14665 9451 5159
9566 9
85657 76358 65721 60741 57624 52477 44518 41865 3302
